0.3 10 1 100 0.3 10 6.8 7.66039e-05 0
0.3 20 1 100 0.3 20 6.35 6.93202e-05 0
0.3 30 1 100 0.3 30 6.2 6.85612e-05 0
0.3 40 1 100 0.3 40 5.775 7.60913e-05 0
0.3 50 1 100 0.3 50 5.9 6.34956e-05 0
0.3 60 1 100 0.3 60 5.9 6.64314e-05 0
0.3 70 1 100 0.3 70 5.8 6.64983e-05 0
0.3 80 1 100 0.3 80 5.7625 6.21319e-05 0
0.3 90 1 100 0.3 90 5.82222 6.40498e-05 0
0.3 100 1 100 0.3 100 5.76 6.4075e-05 0
0.4 10 1 100 0.4 10 11.6 0.000117898 0
0.4 20 1 100 0.4 20 11.5 0.000113416 0
0.4 30 1 100 0.4 30 11.0667 0.000113503 0
0.4 40 1 100 0.4 40 11.35 0.000111669 0
0.4 50 1 100 0.4 50 11.16 0.000109301 0
0.4 60 1 100 0.4 60 11.5333 0.000115244 0
0.4 70 1 100 0.4 70 11.5571 0.000112431 0
0.4 80 1 100 0.4 80 11.45 0.000116175 0
0.4 90 1 100 0.4 90 11.6222 0.000114979 0
0.4 100 1 100 0.4 100 11.55 0.000119715 0
0.5 10 1 100 0.5 10 26.7 0.000256395 0
0.5 20 1 100 0.5 20 29.65 0.000280213 0
0.5 30 1 100 0.5 30 29.1667 0.000278274 0
0.5 40 1 100 0.5 40 29.4 0.000384098 0
0.5 50 1 100 0.5 50 29.22 0.000272937 0
0.5 60 1 100 0.5 60 31.7333 0.000297403 0
0.5 70 1 100 0.5 70 31.9857 0.000300479 0
0.5 80 1 100 0.5 80 31.0375 0.000288725 0
0.5 90 1 100 0.5 90 30.7778 0.000340679 0
0.5 100 1 100 0.5 100 31.05 0.000312328 0
0.6 10 1 100 0.6 10 202.5 0.00210328 0.8
0.6 20 1 100 0.6 20 190.05 0.00215058 0.75
0.6 30 1 100 0.6 30 184.933 0.00207744 0.666667
0.6 40 1 100 0.6 40 191.525 0.00199755 0.675
0.6 50 1 100 0.6 50 195.52 0.00209299 0.7
0.6 60 1 100 0.6 60 197.417 0.00208764 0.716667
0.6 70 1 100 0.6 70 200.557 0.00211322 0.742857
0.6 80 1 100 0.6 80 200.875 0.00217687 0.7625
0.6 90 1 100 0.6 90 196.7 0.00212174 0.755556
0.6 100 1 100 0.6 100 193.99 0.00202046 0.72
0.7 10 1 100 0.7 10 142.8 0.00163007 1
0.7 20 1 100 0.7 20 142.65 0.00164013 1
0.7 30 1 100 0.7 30 142.7 0.00169259 1
0.7 40 1 100 0.7 40 143.375 0.00165209 1
0.7 50 1 100 0.7 50 143.74 0.00259827 1
0.7 60 1 100 0.7 60 143.95 0.00179156 1
0.7 70 1 100 0.7 70 143.743 0.00165058 1
0.7 80 1 100 0.7 80 143.887 0.00172468 1
0.7 90 1 100 0.7 90 143.578 0.00164864 1
0.7 100 1 100 0.7 100 143.43 0.00170949 1
