0.3 10 1 100 0.3 10 14.5 0.000144792 0
0.3 20 1 100 0.3 20 14 0.000278986 0
0.3 30 1 100 0.3 30 14.7 0.000144267 0
0.3 40 1 100 0.3 40 14.225 0.000138128 0
0.3 50 1 100 0.3 50 14.2 0.000139494 0
0.3 60 1 100 0.3 60 14.1167 0.000137806 0
0.3 70 1 100 0.3 70 14.2286 0.000175837 0
0.3 80 1 100 0.3 80 14.8625 0.000189343 0
0.3 90 1 100 0.3 90 14.8556 0.00015099 0
0.3 100 1 100 0.3 100 15.05 0.000155642 0
0.4 10 1 100 0.4 10 136.9 0.00146222 0.6
0.4 20 1 100 0.4 20 132.75 0.00136781 0.5
0.4 30 1 100 0.4 30 123.667 0.00129771 0.433333
0.4 40 1 100 0.4 40 118.725 0.00125032 0.4
0.4 50 1 100 0.4 50 120.88 0.00124955 0.44
0.4 60 1 100 0.4 60 119.217 0.00126305 0.383333
0.4 70 1 100 0.4 70 118.571 0.00124756 0.414286
0.4 80 1 100 0.4 80 117.013 0.00131717 0.4125
0.4 90 1 100 0.4 90 118.256 0.00123413 0.411111
0.4 100 1 100 0.4 100 116.46 0.00135091 0.41
0.5 10 1 100 0.5 10 108.4 0.0012362 1
0.5 20 1 100 0.5 20 111.05 0.00128088 1
0.5 30 1 100 0.5 30 111.867 0.00127746 1
0.5 40 1 100 0.5 40 111.55 0.00134135 1
0.5 50 1 100 0.5 50 110.94 0.00145442 1
0.5 60 1 100 0.5 60 111.083 0.0012905 1
0.5 70 1 100 0.5 70 111.071 0.0013916 1
0.5 80 1 100 0.5 80 110.938 0.00131463 1
0.5 90 1 100 0.5 90 111.389 0.0012807 1
0.5 100 1 100 0.5 100 111.84 0.00131152 1
0.6 10 1 100 0.6 10 101.5 0.00121593 1
0.6 20 1 100 0.6 20 102 0.00120596 1
0.6 30 1 100 0.6 30 102.1 0.00119935 1
0.6 40 1 100 0.6 40 102.15 0.0012198 1
0.6 50 1 100 0.6 50 102.12 0.00120611 1
0.6 60 1 100 0.6 60 102.033 0.00122128 1
0.6 70 1 100 0.6 70 102.129 0.00124461 1
0.6 80 1 100 0.6 80 102.15 0.00123326 1
0.6 90 1 100 0.6 90 102.244 0.00120382 1
0.6 100 1 100 0.6 100 102.18 0.00133851 1
0.7 10 1 100 0.7 10 100.1 0.00119176 1
0.7 20 1 100 0.7 20 100.15 0.00118389 1
0.7 30 1 100 0.7 30 100.2 0.00139542 1
0.7 40 1 100 0.7 40 100.425 0.00118843 1
0.7 50 1 100 0.7 50 100.52 0.00142333 1
0.7 60 1 100 0.7 60 100.517 0.00128455 1
0.7 70 1 100 0.7 70 100.514 0.0011905 1
0.7 80 1 100 0.7 80 100.5 0.00128312 1
0.7 90 1 100 0.7 90 100.489 0.00120786 1
0.7 100 1 100 0.7 100 100.53 0.00147956 1
